<?xml version="1.0"?>
<opencv_storage>
<_3DReprojection type_id="opencv-matrix">
  <rows>4</rows>
  <cols>4</cols>
  <dt>d</dt>
  <data>
    1. 0. 0. -1.6676410484313965e+002 0. 1. 0. -1.2053945922851562e+002
    0. 0. 0. 3.3573809083882338e+002 0. 0. -4.6671064643832843e-003 0.</data></_3DReprojection>
</opencv_storage>
