<?xml version="1.0"?>
<opencv_storage>
<Essential type_id="opencv-matrix">
  <rows>3</rows>
  <cols>3</cols>
  <dt>d</dt>
  <data>
    -9.3049210294126661e-002 -5.5838823785025644e+000
    -2.1620332183217714e+000 7.2564850349427230e+000
    4.5149345036990285e+000 2.1408284706632838e+002
    -6.0882431762396250e-001 -2.1414379562100859e+002
    4.5958723862583835e+000</data></Essential>
</opencv_storage>
