<?xml version="1.0"?>
<opencv_storage>
<LeftDistortion type_id="opencv-matrix">
  <rows>1</rows>
  <cols>5</cols>
  <dt>d</dt>
  <data>
    -3.4044690766520336e-001 -5.3529973809461073e-001
    -3.1489435342954846e-003 -1.5282872684448051e-003
    2.4133800261940093e+000</data></LeftDistortion>
</opencv_storage>
