<?xml version="1.0"?>
<opencv_storage>
<Traslation type_id="opencv-matrix">
  <rows>3</rows>
  <cols>1</cols>
  <dt>d</dt>
  <data>
    -2.1418181732054566e+002 -2.2818944500604412e+000
    5.5367631273513922e+000</data></Traslation>
</opencv_storage>
