<?xml version="1.0"?>
<opencv_storage>
<Fundamental type_id="opencv-matrix">
  <rows>3</rows>
  <cols>3</cols>
  <dt>d</dt>
  <data>
    6.5944260280816393e-007 3.9573145412141118e-005
    1.0804072706292302e-003 -5.1426931658582467e-005
    -3.1997479088928982e-005 -5.5349397172051396e-001
    8.0742993198728748e-003 5.6413130624290109e-001 1.</data></Fundamental>
</opencv_storage>
