<?xml version="1.0"?>
<opencv_storage>
<LeftIntrinsics type_id="opencv-matrix">
  <rows>3</rows>
  <cols>3</cols>
  <dt>d</dt>
  <data>
    3.7261225138037742e+002 0. 1.5905535640493608e+002 0.
    3.7261225138037742e+002 1.1432038406142871e+002 0. 0. 1.</data></LeftIntrinsics>
</opencv_storage>
