<?xml version="1.0"?>
<opencv_storage>
<RightIntrinsics type_id="opencv-matrix">
  <rows>3</rows>
  <cols>3</cols>
  <dt>d</dt>
  <data>
    3.7296901702855462e+002 0. 1.5129762232531834e+002 0.
    3.7296901702855462e+002 1.2765297645623529e+002 0. 0. 1.</data></RightIntrinsics>
</opencv_storage>
