<?xml version="1.0"?>
<opencv_storage>
<Rotation type_id="opencv-matrix">
  <rows>3</rows>
  <cols>3</cols>
  <dt>d</dt>
  <data>
    9.9987667137085012e-001 -1.3664736465010260e-002
    -7.7406088708090884e-003 1.3495250815078148e-002
    9.9967689514122227e-001 -2.1540276837674455e-002
    8.0324500488432576e-003 2.1433158846687554e-002
    9.9973801540606899e-001</data></Rotation>
</opencv_storage>
