<?xml version="1.0"?>
<opencv_storage>
<External_Rotation type_id="opencv-matrix">
  <rows>3</rows>
  <cols>3</cols>
  <dt>d</dt>
  <data>
    -5.2748506132110917e-001 -4.3129593822976015e-001
    7.3194489119712869e-001 8.4916753459715044e-001
    -2.9398984048886095e-001 4.3873052307257077e-001
    2.5961669231062807e-002 8.5296763558522271e-001
    5.2131775758638021e-001</data></External_Rotation>
</opencv_storage>
