<?xml version="1.0"?>
<opencv_storage>
<External_Traslation type_id="opencv-matrix">
  <rows>3</rows>
  <cols>1</cols>
  <dt>d</dt>
  <data>
    -7.6211963460754544e+002 1.7033542053638369e+003
    -8.0871933058915001e+003</data></External_Traslation>
</opencv_storage>
